83779 SBMT Marte Civ Observations at 12Z 18 Feb 2023

-----------------------------------------------------------------------------
   PRES   HGHT   TEMP   DWPT   RELH   MIXR   DRCT   SKNT   THTA   THTE   THTV
    hPa     m      C      C      %    g/kg    deg   knot     K      K      K 
-----------------------------------------------------------------------------
 1000.0    106                                                               
  933.0    722   23.6   21.3     87  17.42    330      3  302.7  354.5  305.8
  925.0    793   22.4   20.3     88  16.50    280      5  302.2  351.2  305.2
  907.0    964   20.8   19.9     95  16.41    290      6  302.3  351.0  305.2
  850.1   1524   18.8   16.3     85  13.91    325     10  305.8  347.8  308.4
  850.0   1525   18.8   16.3     85  13.91    340      8  305.8  347.8  308.4
  839.0   1637   18.4   15.6     84  13.46    351      9  306.6  347.3  309.0
  820.4   1829   16.9   15.5     91  13.67     10     12  307.0  348.4  309.5
  806.0   1981   15.8   15.4     97  13.84      5     12  307.3  349.3  309.9
  791.5   2134   14.9   14.2     95  13.05      0     11  308.0  347.7  310.4
  763.4   2438   13.3   11.9     91  11.59    340     10  309.4  344.9  311.5
  736.2   2743   11.6    9.6     87  10.27    320     13  310.7  342.5  312.7
  700.0   3168    9.2    6.3     82   8.63    315     13  312.6  339.6  314.3
  689.0   3300    8.6    2.6     66   6.74    311     13  313.4  334.8  314.7
  659.6   3658    6.3    2.5     76   6.97    300     14  314.8  337.0  316.1
  635.7   3962    4.4    2.3     86   7.17    320     18  316.0  338.9  317.3
  612.5   4267    2.5    2.2     98   7.38    340     16  317.1  340.8  318.5
  611.0   4287    2.4    2.2     99   7.40    340     16  317.2  340.9  318.6
  589.7   4572    0.8    0.7     99   6.87    340     16  318.6  340.8  320.0
  567.6   4877   -0.8   -0.9     99   6.34    335     17  320.2  340.9  321.4
  546.4   5182   -2.5   -2.5     99   5.84    330     17  321.7  340.9  322.8
  512.0   5703   -5.3   -5.3    100   5.06    321     15  324.3  341.2  325.3
  506.3   5791   -5.6   -5.9     98   4.91    320     15  325.0  341.5  326.0
  500.0   5890   -5.9   -6.5     96   4.73    300     12  325.8  341.7  326.7
  487.0   6096   -6.7   -7.1     97   4.63    295     13  327.2  343.0  328.2
  481.0   6193   -7.1   -7.4     98   4.59    298     13  327.9  343.6  328.8
  467.0   6423   -7.3  -11.0     75   3.56    306     13  330.5  342.8  331.2
  450.1   6706   -9.4  -12.1     81   3.39    315     13  331.3  343.1  332.0
  432.7   7010  -11.7  -13.2     89   3.21    315     14  332.1  343.5  332.8
  418.0   7276  -13.7  -14.2     96   3.07    293     11  332.9  343.7  333.5
  415.9   7315  -13.9  -14.6     95   3.00    290     11  333.2  343.8  333.8
  400.0   7610  -15.1  -17.2     84   2.50    290      5  335.3  344.3  335.8
  367.9   8230  -19.2  -21.9     79   1.80    305      4  337.9  344.6  338.3
  336.0   8904  -23.7  -27.1     74   1.24    325      5  340.7  345.4  340.9
  312.0   9440  -28.1  -30.1     83   1.01    341      6  341.8  345.7  342.0
  306.0   9579  -28.7  -32.4     70   0.83    346      6  342.9  346.1  343.0
  300.0   9720  -30.1  -33.2     74   0.78    350      6  342.8  345.9  343.0
  264.0  10616  -36.9  -46.9     35   0.21    318      5  345.6  346.6  345.7
  250.0  10990  -40.1  -49.1     38   0.18    305      5  346.3  347.1  346.4
  218.7  11887  -48.1  -58.1     31   0.07      0      0  347.4  347.8  347.4
  218.0  11909  -48.3  -58.3     30   0.07    358      0  347.5  347.8  347.5
  200.0  12470  -53.1  -62.1     33   0.04    295     12  348.5  348.7  348.5
  194.0  12666  -54.7  -61.7     42   0.05    298     13  349.0  349.2  349.0
  189.9  12802  -55.9  -63.4     38   0.04    300     13  349.2  349.4  349.2
  186.0  12935  -57.1  -65.1     36   0.03    292     15  349.4  349.5  349.4
  172.4  13411  -60.4  -71.8     21   0.01    265     23  351.5  351.6  351.5
  166.0  13648  -62.1  -75.1     16   0.01    265     25  352.5  352.6  352.5
  164.2  13716  -62.6  -74.7     18   0.01    265     25  352.9  352.9  352.9
  156.0  14031  -64.7  -72.7     32   0.01    290     18  354.4  354.5  354.4
  150.0  14270  -65.9  -80.9     11   0.00    310     13  356.4  356.4  356.4
  149.0  14310  -66.3  -81.3     11   0.00    289     17  356.4  356.4  356.4
  148.6  14326  -66.4  -81.3     11   0.00    280     18  356.4  356.4  356.4
  133.9  14935  -72.0  -81.0     25   0.00      0     11  357.3  357.3  357.3
  119.0  15627  -78.3  -80.6     69   0.01     19      7  358.0  358.0  358.0
  108.3  16154  -81.7  -85.2     55   0.00     35      4  361.3  361.3  361.3
  102.0  16491  -83.9  -88.2     47   0.00    110     18  363.3  363.3  363.3
  100.0  16600  -83.3  -88.2     43   0.00    100     18  366.5  366.6  366.5
   97.1  16764  -83.1  -88.1     42   0.00    105     19  370.0  370.0  370.0
   96.8  16782  -83.1  -88.1     42   0.00    103     19  370.4  370.4  370.4
   92.0  17073  -78.1  -87.9     19   0.00     70     16  385.7  385.7  385.7
   88.0  17327  -73.7  -87.7     10   0.00     80     14  399.4  399.4  399.4
   82.0  17738  -75.2  -88.7     11   0.00     95     10  404.5  404.5  404.5
   76.3  18157  -76.7  -89.7     11   0.00     71     15  409.8  409.8  409.8
   76.0  18180  -76.5  -89.7     11   0.00     70     15  410.6  410.6  410.6
   74.0  18336  -75.2  -89.6      9   0.00    115      6  416.5  416.5  416.5
   72.0  18496  -73.9  -89.6      8   0.00    145     10  422.6  422.6  422.6
   70.0  18660  -72.5  -89.5      6   0.00    130     15  428.9  429.0  428.9
   69.3  18719  -72.5  -89.5      6   0.00    124     15  430.2  430.2  430.2
   64.0  19185  -72.3  -89.8      6   0.00     80     19  440.5  440.5  440.5
   58.9  19671  -72.1  -90.1      5   0.00     72     27  451.5  451.6  451.5
   58.0  19763  -71.2  -90.1      5   0.00     70     29  455.6  455.6  455.6
   53.9  20198  -66.9  -89.9      3   0.00     54     29  475.1  475.1  475.1
   53.0  20299  -66.8  -90.0      3   0.00     50     29  477.6  477.6  477.6
   50.0  20650  -66.5  -90.5      2   0.00     85     26  486.4  486.4  486.4
   49.0  20772  -66.3  -90.3      2   0.00     85     27  489.6  489.6  489.6
   47.9  20910  -66.1  -90.1      2   0.00     84     28  493.3  493.3  493.3
   44.0  21430  -62.0  -88.9      2   0.00     80     34  515.4  515.4  515.4
   43.9  21444  -61.9  -88.9      2   0.00     79     34  516.0  516.0  516.0
   42.0  21717  -62.6  -89.7      2   0.00     60     35  520.7  520.7  520.7
   41.4  21805  -62.9  -89.9      2   0.00     63     34  522.2  522.3  522.2
   41.0                                        65     34                     
Station information and sounding indices
                         Station identifier: SBMT
                             Station number: 83779
                           Observation time: 230218/1200
                           Station latitude: -23.52
                          Station longitude: -46.63
                          Station elevation: 722.0
                            Showalter index: -2.02
                               Lifted index: -3.12
    LIFT computed using virtual temperature: -3.38
                                SWEAT index: 223.61
                                    K index: 38.10
                         Cross totals index: 22.20
                      Vertical totals index: 24.70
                        Totals totals index: 46.90
      Convective Available Potential Energy: 839.55
             CAPE using virtual temperature: 921.16
                      Convective Inhibition: -18.47
             CINS using virtual temperature: -13.61
                           Equilibrum Level: 178.98
 Equilibrum Level using virtual temperature: 178.83
                   Level of Free Convection: 808.83
             LFCT using virtual temperature: 812.11
                     Bulk Richardson Number: 118.72
          Bulk Richardson Number using CAPV: 130.26
  Temp [K] of the Lifted Condensation Level: 292.48
Pres [hPa] of the Lifted Condensation Level: 886.94
   Equivalent potential temp [K] of the LCL: 350.80
     Mean mixed layer potential temperature: 302.70
              Mean mixed layer mixing ratio: 16.21
              1000 hPa to 500 hPa thickness: 5784.00
Precipitable water [mm] for entire sounding: 50.23
